4294967279,314
4294967278,14
4294967278,9
4294967278,8
4294967278,7
4294967278,6
4294967278,5
4294967278,4
4294967279,132
4294967279,131
4294967279,130
4294967279,129
4294967279,573
4294967278,313
4294967279,312
4294967278,381
4294967279,311
4294967278,380
4294967278,182
131,4
131,3
131,2
131,1
4294967278,176
4294967294,30
4294967294,942
4294967294,941
4294967294,939
4294967294,938
4294967294,933
4294967294,922
4294967294,436
4294967294,830
4294967294,829
4294967294,828
4294967294,827
4294967294,60
4294967294,966
4294967294,965
4294967294,964
4294967294,963
4294967294,961
4294967294,918
4294967294,917
4294967294,916
4294967294,915
4294967294,914
4294967294,911
4294967294,910
4294967294,909
4294967294,907
4294967294,905
4294967294,902
4294967294,901
4294967294,899
4294967294,898
4294967294,421
4294967294,401
4294967294,190
4294967294,185
4294967294,182
4294967294,173
4294967294,163
4294967294,161
4294967294,12
4294967279,170
4294967278,169
130,4
130,3
130,2
130,1
4294967278,305
4294967279,165
4294967279,299
4294967278,376
4294967279,156
4294967279,153
4294967294,962
4294967294,900
4294967294,170
4294967278,324
4294967278,321
4294967278,37
4294967278,36
4294967278,35
4294967278,34
4294967278,33
4294967278,32
4294967278,31
4294967278,30
4294967278,29
4294967278,28
4294967278,27
4294967278,26
4294967278,25
4294967278,24
4294967278,23
4294967278,22
4294967278,21
4294967278,20
4294967278,19
4294967278,18
4294967278,17
4294967279,513
4294967279,21
4294967279,20
4294967279,19
4294967279,18
4294967279,17
4294967279,15
4294967279,12
4294967279,10
4294967278,356
4294967278,373
4294967278,372
4294967278,145
4294967279,135
4294967279,268
4294967278,367
4294967278,287
129,4
129,3
129,2
129,1
128,4
128,3
128,2
128,1
4294967278,285
127,4
127,3
127,2
127,1
4294967279,254
126,4
4294967278,257
126,3
126,2
126,1
4294967294,472
4294967279,572
125,4
125,3
125,2
125,1
4294967278,379
124,4
124,3
124,2
124,1
4294967279,571
4294967294,437
123,6
123,5
123,4
123,3
123,2
123,1
122,5
122,4
122,3
122,2
122,1
4294967279,225
4294967294,912
4294967294,960
4294967294,162
4294967278,214
4294967279,512
4294967278,213
4294967278,211
4294967279,213
121,4
121,3
121,2
121,1
4294967279,212
4294967278,210
4294967278,208
4294967278,206
4294967278,205
119,5
4294967279,204
4294967279,203
119,4
119,3
119,2
119,1
4294967278,201
4294967278,312
4294967278,311
4294967279,553
4294967278,378
4294967294,385
4294967294,948
4294967294,183
4294967294,384
4294967294,444
4294967294,405
4294967294,164
4294967294,397
4294967294,449
4294967279,552
4294967279,570
4294967278,358
4294967294,50
4294967278,309
4294967278,342
4294967279,306
4294967278,307
4294967279,303
4294967279,150
118,4
118,3
118,2
118,1
4294967279,568
117,4
117,3
117,2
117,1
4294967294,114
116,4
4294967279,141
116,3
116,2
116,1
4294967294,967
115,4
115,3
115,2
115,1
4294967279,272
4294967278,277
4294967278,136
4294967278,135
114,4
114,3
114,2
114,1
4294967279,564
113,4
113,3
113,2
113,1
4294967279,563
112,6
4294967294,903
112,5
112,4
112,3
112,2
112,1
4294967294,393
4294967294,390
4294967294,388
4294967278,262
4294967279,256
111,5
4294967294,107
111,4
111,3
111,2
111,1
4294967294,91
4294967294,90
4294967294,87
4294967294,86
110,4
110,3
110,2
110,1
4294967294,84
4294967294,53
4294967294,176
4294967294,45
4294967294,44
4294967279,248
108,5
4294967279,239
4294967278,238
108,4
108,3
108,2
108,1
4294967279,226
4294967279,222
4294967279,220
4294967278,217
4294967279,216
4294967278,215
4294967279,559
4294967279,214
4294967278,365
4294967278,353
4294967278,363
4294967278,364
4294967279,546
4294967279,545
4294967278,352
4294967279,557
4294967279,558
4294967278,362
4294967279,556
4294967279,555
4294967278,360
4294967279,554
4294967278,350
4294967279,315
4294967278,359
4294967278,377
4294967294,89
107,4
4294967279,173
107,3
107,2
107,1
4294967278,171
106,4
106,3
106,2
106,1
4294967278,167
4294967278,166
105,4
105,3
105,2
105,1
4294967279,301
4294967294,1417
4294967294,387
104,4
104,3
104,2
104,1
4294967294,115
4294967294,409
4294967294,179
4294967294,406
4294967294,167
4294967294,411
4294967294,109
4294967279,161
4294967278,160
103,4
4294967279,159
103,3
103,2
103,1
4294967279,158
102,4
102,3
102,2
102,1
4294967294,120
4294967279,152
4294967278,357
4294967279,151
101,6
4294967278,374
4294967279,569
4294967279,289
101,5
4294967279,147
101,4
4294967278,146
101,3
101,2
101,1
4294967294,41
4294967279,566
4294967278,371
4294967278,290
4294967279,142
100,5
4294967294,43
4294967294,417
4294967294,51
4294967278,140
100,4
4294967279,139
100,3
100,2
100,1
4294967279,284
4294967279,138
4294967279,136
4294967278,369
4294967278,368
99,4
4294967278,288
99,3
99,2
99,1
4294967278,275
4294967279,280
4294967279,265
4294967294,470
4294967279,562
4294967278,267
97,5
4294967294,99
97,4
97,3
97,2
97,1
0,7
4294967278,264
4294967279,255
4294967278,279
4294967294,469
4294967279,524
4294967279,521
4294967294,389
4294967279,516
4294967279,515
4294967279,549
4294967279,548
4294967278,251
4294967279,560
4294967279,247
4294967279,561
4294967278,249
4294967278,247
4294967279,246
4294967278,243
4294967278,245
4294967279,244
4294967279,242
4294967294,424
4294967294,904
4294967294,186
4294967294,1
4294967294,418
4294967294,459
4294967294,2
4294967279,236
4294967294,0
4294967294,5
4294967294,85
4294967294,419
4294967294,950
4294967294,949
4294967294,29
4294967294,921
4294967294,28
4294967294,427
4294967278,233
4294967278,235
4294967279,234
4294967279,232
4294967278,231
4294967279,230
4294967278,229
4294967294,11
4294967294,68
4294967279,224
4294967279,218
4294967278,361
4294967294,946
4294967294,94
4294967294,96
96,4
4294967279,197
96,3
96,2
96,1
4294967278,196
4294967294,8
4294967279,196
4294967278,195
4294967294,9
4294967279,195
4294967278,194
4294967279,194
95,4
4294967278,193
95,3
95,2
95,1
4294967294,46
4294967278,192
4294967278,191
94,4
94,3
94,2
94,1
4294967278,189
4294967278,188
4294967279,188
4294967279,187
93,4
4294967278,186
93,3
93,2
93,1
4294967279,186
4294967278,185
4294967278,184
92,4
4294967279,183
92,3
92,2
92,1
4294967279,308
4294967278,180
91,4
4294967278,179
91,3
91,2
91,1
4294967279,179
4294967278,178
4294967279,178
4294967278,175
4294967279,177
4294967279,176
90,6
